latitude: 45.76265802 #degree
longitude: 3.11000985 #degree
altitude: 405.839 # m
